secret = "576ECDEAC22E32AFC89F16149C49BF5506D9B55F04E29F78B8850259BE59D772"

flag = "GLUG{50_mUch_R4nd0m_3nCr1P710n_D79288C4D4D67DF8}"

multiplier = 773241519086299397276901

modulo = 2677011284035082331844021

privKey = (14073621, 36437539, 127032305, 462908780, 1590703816, 5077291625, 18656723159, 73771138863, 201144013595, 869401254603, 2708922882463, 8727402418807, 35037375574099, 97623150823747, 365181916674561, 1234551937877012, 4756021966141353, 14488549552468867, 55853535828659555, 215804303757994224, 749914676868832143, 2338686021051777020, 9223110344619651465, 31522634028284730728, 118919284506319594619, 423490406082395028514, 1405834140727384079773, 5488799347521225799207, 19391951778688927017688, 65711297829735188585397, 195116439136945954000525, 806191005048625446220347)

random_number = 31

shuffled_flag = 'C0U}49nF{281rDDc4dRm_G_7UCPD0D8m1n77_40n65G_38hL'

state = (3, (2147483648, 3644856390, 1737869972, 3583869103, 114207571, 3853669301, 3029580901, 2090590099, 1989430803, 3639377800, 4041415709, 148149545, 4123684904, 977067208, 1246697552, 753653599, 3603306261, 3957195352, 1388378766, 4270833988, 539735866, 2044907112, 2255878065, 2310142056, 1215991962, 2945865946, 3383014648, 3687305153, 3752143032, 1914368588, 1361662979, 4184095482, 2193154760, 2478502369, 2778996288, 1161404778, 1020624720, 3749144424, 3757859154, 3351043727, 1522595758, 1004933633, 2081063942, 963590308, 3553275303, 3119024272, 3592430867, 3679902684, 4202024386, 3203778694, 2975592213, 3929270944, 1582004015, 1101461210, 2619350086, 3947080165, 3759899053, 1253006320, 42875770, 154079130, 2373216861, 4113601677, 2717304651, 1049342273, 1359005565, 32529272, 1005550157, 3104916618, 2156562285, 259255959, 1776861916, 2909133873, 1095091470, 3002919052, 2455156565, 2115617862, 383681171, 3965140649, 3000031789, 1215026293, 1135272986, 1980037213, 1002689663, 2630756186, 2501826460, 4114934383, 2672871107, 364172476, 738476136, 1967036814, 349111990, 3930499702, 934729395, 2517408885, 3596178779, 3849687937, 957982232, 2165141106, 876874858, 1271606929, 1260470627, 1903981356, 2656227958, 3560723946, 3588233893, 2293755251, 3688674209, 3638753866, 1638084753, 686108346, 4009978594, 2821981208, 237327386, 1307653132, 3429532752, 4285669016, 2374906194, 518727744, 736889433, 3954922091, 1833990832, 708546642, 3433941026, 940960931, 2255783622, 4070004690, 1179999966, 1072812215, 4122651235, 1454705932, 2092917788, 1664192807, 3117520967, 1588004138, 1324286943, 3803242968, 37224490, 2841750430, 1509841597, 1293582312, 960129846, 2315547797, 2796634930, 4101502638, 886947877, 3538011164, 3549438741, 1960928082, 1614791110, 1645965233, 3802239781, 3141711992, 1892766434, 3402600249, 1781519721, 93891102, 3188119672, 3323852266, 1041500686, 1680400832, 174409399, 926353347, 4042256862, 2763047306, 4284590621, 4008746248, 813428772, 1918282535, 3444269983, 4264134644, 2618809124, 3905956238, 1229461704, 819195530, 3929608967, 1677831057, 506722323, 1449727596, 3944209277, 617074885, 2048379646, 3256384602, 4178914889, 4189658609, 97112609, 251016444, 2972197855, 1282984183, 2637467589, 4169108014, 12162958, 432370243, 1863822777, 746058320, 3468065472, 4281560650, 2506791771, 1541035197, 3612642824, 1176993535, 1571565560, 1548768770, 2630017880, 1362956804, 2459018660, 1621104264, 1582882880, 3220658780, 2834736325, 2615934094, 1897878815, 618576385, 125261153, 1660943081, 1127303952, 799506319, 3515328199, 3033360780, 38841330, 2856238376, 3594231532, 829475368, 2513387799, 2083306278, 234548452, 1949057600, 108788055, 2975030150, 830056516, 2983221610, 258378637, 3528141857, 2382441191, 776454622, 253549434, 4239920422, 192456239, 3192130434, 1047688856, 1744155214, 3409657920, 2018285168, 4284128024, 3795374544, 579401052, 743894416, 1554968117, 77569747, 1861129361, 1726582400, 3388015202, 391843574, 3304351988, 680033494, 3052481884, 3959126322, 3066786162, 3405434230, 2832612742, 224595258, 2767440858, 2869879093, 1848366369, 2557470878, 71237532, 563190985, 3209780853, 2765134267, 3949006141, 1379838377, 1736911878, 291459674, 2431417381, 1376302886, 756852932, 2484347217, 2885589580, 1093653778, 1540558981, 2371871608, 3079894368, 996066522, 4082391028, 3496295, 449088688, 3696051623, 2343208060, 3429580152, 510906460, 2177574602, 3861838719, 2407170818, 3372783702, 3684389135, 1417579919, 3125573153, 1219319320, 619107537, 2605619763, 800859917, 3227047437, 1822636934, 3028310078, 3791367088, 3411929509, 3020937865, 3291974686, 3160165861, 3042225311, 4020895408, 3846552705, 4044386829, 4218499040, 1900713866, 3827313313, 240592746, 243511361, 3782283431, 2532160022, 477895618, 3585695027, 3122951163, 2818685470, 910939498, 2812608545, 985064040, 2340647924, 1125616202, 2882436269, 4193993157, 1130677810, 1550315609, 1601096615, 406466276, 1851477670, 4256627193, 1254510434, 419495381, 2904721862, 1508551556, 981258858, 3354348703, 3915032728, 3059600025, 1996995916, 2832878767, 325952124, 3246167085, 3172121075, 4139875412, 1479193900, 702593091, 838491030, 160795697, 3413941524, 3241058213, 1842816250, 3224730975, 4139182910, 4233608722, 2659550394, 2974653681, 4082967925, 2241580946, 1865133448, 2582270886, 1819501458, 3242506241, 3903273077, 671720733, 3736132074, 1756574045, 4075161994, 3013617330, 813292401, 4045417353, 1554934569, 2068159007, 3348875772, 1309356593, 3721138908, 746710937, 3016871630, 4050616215, 1204877821, 2037981528, 128589230, 4252004111, 2073951103, 2614941161, 389032225, 2094097327, 2433292981, 2770740758, 1621888944, 941115167, 2764242272, 2974360078, 1128781607, 271863799, 2070668845, 3502169386, 952065988, 2159879918, 3450026485, 3731935630, 544905345, 112306132, 2613336506, 1177581319, 84012522, 66125201, 690158935, 76828142, 2710724879, 3979956094, 1703166508, 1248688340, 2398457804, 61765611, 2543165265, 1635461891, 130451515, 3369878659, 2653347564, 2482779671, 1525436108, 3961172341, 1544586500, 1822796487, 3909932170, 1511756250, 4096509309, 288071271, 3528659393, 1226040962, 894650640, 1668770569, 3909677310, 4138629052, 1014415915, 1647038346, 3925490323, 982113990, 2342316062, 1456151393, 2203952390, 2015538599, 4169706285, 1477904489, 414670837, 3393293647, 541018875, 170809340, 1166438599, 3295510049, 1004193812, 1317814014, 1111849134, 3194698957, 2708863457, 2963111383, 3162808126, 3976069325, 645958195, 3061684051, 1566278530, 2226192287, 3906532165, 3762285859, 2638545574, 2050617447, 1428906007, 2230451649, 3400742330, 2865320862, 2154440654, 4259884091, 2678110757, 1086996586, 3741434394, 3537174383, 1378401093, 2608155433, 3358104583, 274620377, 127793358, 2238250334, 2924160222, 1258032298, 3636990342, 3593271772, 3116062141, 2582790847, 3714125132, 252226247, 1252139182, 1856877952, 659094177, 523120916, 4191343414, 3142010031, 2810818955, 1490372404, 1550966296, 2940951618, 2758313719, 3656518942, 2970143276, 1720569373, 1366294960, 4289294485, 2748664823, 3566417870, 3689849430, 1421452916, 1630242126, 1408134719, 1045648513, 2291589867, 4109779504, 2188152239, 395062812, 1156649121, 4197139406, 3911419332, 1170207329, 2315858378, 2276703436, 4279505706, 4155910092, 2344578690, 3102611622, 1057955316, 1121195105, 2640348369, 3526281406, 91955134, 4001470566, 3381270694, 3859872982, 3511598685, 250332498, 3560375901, 448914128, 1117818456, 9706355, 1709873566, 3400509544, 4127107175, 2626768484, 49155208, 2253495881, 2146822, 661405931, 3778901579, 399008711, 3059552270, 3893027433, 2329599709, 2929191905, 3004111337, 484967774, 595230234, 1781230592, 606788953, 1329159170, 3475074027, 216243308, 304403660, 3724810247, 1697285139, 20804166, 1089216653, 1320117644, 447799677, 3509822526, 1404860059, 1050333088, 2161872439, 1179791884, 2460800016, 4261904580, 1332386269, 1385680375, 1393596251, 2484652368, 1352735031, 2924561804, 3688186521, 1094832775, 4185500641, 241458462, 2025524017, 1180806103, 431656376, 1963473383, 192365914, 2290082756, 3890039856, 1055561936, 3530607647, 642640483, 2169382336, 1884915973, 2317953115, 1723637475, 1719834453, 3376119872, 319987073, 1463008797, 1375257720, 2653373026, 2434907934, 865969890, 77212435, 3328076213, 1128494107, 2320874101, 1601122663, 3149709742, 3370086562, 4101431751, 764039107, 624), None)

